       0/9     10.2G   0.09719    0.1326         0    0.4595         6       640         0         0         0         0   0.09079   0.09079   0.09079
       1/9     10.1G   0.08992    0.1395         0    0.4588        27       640    0.1111  0.008065  0.002325 0.0004551   0.07876   0.07876   0.07876
       2/9     10.1G   0.07976    0.1478         0    0.4551        26       640    0.4886     0.252    0.2362   0.07708    0.0721    0.0721    0.0721
       3/9     10.1G   0.08112   0.09063         0    0.3435        23       640    0.3517    0.2746    0.2051    0.0657   0.07367   0.07367   0.07367
       4/9     10.1G    0.0851   0.07289         0     0.316        36       640    0.3224    0.3569    0.1892   0.04466   0.06742   0.06742   0.06742
       5/9     10.1G   0.08496   0.07314         0    0.3162        44       640    0.4953    0.3911      0.34    0.1031   0.08129   0.08129   0.08129
       6/9     10.1G   0.08437   0.06701         0    0.3027        18       640     0.511     0.373    0.3069   0.09719   0.07447   0.07447   0.07447
       7/9     10.1G   0.07979   0.07281         0    0.3052         2       640    0.6278    0.4839    0.4678    0.1788   0.06251   0.06251   0.06251
       8/9     10.1G   0.06347    0.0709         0    0.2687        22       640    0.6396    0.4375     0.461    0.1705   0.05973   0.05973   0.05973
       9/9     10.1G   0.06141   0.07765         0    0.2781        24       640    0.7717    0.4839    0.5123    0.2165   0.05496   0.05496   0.05496
