       0/9     10.2G   0.09719    0.1325         0    0.4595         6       640         0         0         0         0   0.09079   0.09079   0.09079
       1/9     10.1G   0.08992    0.1395         0    0.4588        27       640    0.1114  0.008065  0.002325 0.0004551   0.07876   0.07876   0.07876
       2/9     10.1G   0.07975    0.1478         0    0.4551        26       640    0.5124    0.2458    0.2364    0.0771   0.07207   0.07207   0.07207
       3/9     10.1G   0.08076   0.09061         0    0.3427        23       640    0.3378    0.2722    0.2027   0.05927   0.07322   0.07322   0.07322
       4/9     10.1G   0.08741   0.07063         0    0.3161        36       640    0.4638    0.3085    0.2518   0.07019   0.07841   0.07841   0.07841
       5/9     10.1G   0.07911   0.08021         0    0.3187        44       640    0.5719    0.4039    0.3804    0.1322    0.0724    0.0724    0.0724
       6/9     10.1G   0.07831   0.07005         0    0.2967        18       640    0.5242    0.3488    0.3433    0.1193   0.07478   0.07478   0.07478
       7/9     10.1G   0.08038   0.06852         0    0.2978         2       640    0.7297    0.3483    0.3954    0.1344   0.06211   0.06211   0.06211
       8/9     10.1G   0.06408   0.06745         0    0.2631        22       640    0.5665    0.4113    0.4221    0.1628   0.05996   0.05996   0.05996
       9/9     10.1G   0.06198   0.07707         0    0.2781        24       640     0.771    0.4752    0.5169    0.2078   0.05552   0.05552   0.05552
