      0/49     10.2G   0.09719    0.1326         0    0.4595         6       640         0         0         0         0   0.09079   0.09079   0.09079
      1/49     10.1G   0.08984    0.1396         0    0.4589        27       640     0.125   0.01008   0.00376 0.0007117   0.07848   0.07848   0.07848
      2/49     10.1G   0.07957     0.146         0    0.4511        26       640    0.5596    0.2399     0.241   0.08041   0.07213   0.07213   0.07213
      3/49     10.1G   0.08272   0.08562         0    0.3367        23       640    0.3547    0.3427    0.2499   0.08962   0.07159   0.07159   0.07159
      4/49     10.1G     0.088   0.06996         0    0.3159        36       640    0.2678    0.1835    0.1063   0.02517   0.09596   0.09596   0.09596
      5/49     10.1G   0.09789   0.07087         0    0.3375        44       640    0.4669    0.2218    0.1945   0.04916   0.08317   0.08317   0.08317
      6/49     10.1G   0.08195   0.09662         0    0.3571        18       640    0.2969    0.3165    0.2196   0.05522   0.07264   0.07264   0.07264
      7/49     10.1G   0.07808   0.09854         0    0.3533         2       640    0.2597    0.2943    0.1469   0.03647   0.07193   0.07193   0.07193
      8/49     10.1G   0.07213    0.0752         0    0.2947        22       640    0.6425    0.3224    0.3333   0.09584    0.0635    0.0635    0.0635
      9/49     10.1G   0.07261   0.08011         0    0.3054        24       640    0.6642    0.4274    0.4047    0.1254   0.06312   0.06312   0.06312
     10/49     10.1G   0.06177   0.07189         0    0.2673        37       640    0.7698    0.4798    0.5191    0.1816   0.05838   0.05838   0.05838
     11/49     10.1G   0.06023   0.07033         0    0.2611        10       640    0.8278    0.5161    0.5669    0.2438   0.05235   0.05235   0.05235
     12/49     10.1G   0.05356   0.06504         0    0.2372        40       640    0.8644    0.5282    0.5913    0.2551   0.05046   0.05046   0.05046
     13/49     10.1G   0.05262   0.06437         0     0.234        10       640    0.8308    0.5544    0.6079    0.2644   0.04926   0.04926   0.04926
     14/49     10.1G    0.0522   0.06737         0    0.2391        22       640    0.8849    0.5423    0.6051    0.2606   0.04759   0.04759   0.04759
     15/49     10.1G   0.04829   0.06134         0    0.2193        12       640    0.9091    0.5565    0.6515    0.2886    0.0461    0.0461    0.0461
     16/49     10.1G   0.04996   0.06207         0    0.2241         4       640     0.899    0.5927    0.6607    0.2986   0.04392   0.04392   0.04392
     17/49     10.1G   0.04791    0.0599         0    0.2156        14       640    0.8856    0.5988     0.652    0.2647   0.04441   0.04441   0.04441
     18/49     10.1G   0.04964    0.0589         0    0.2171        12       640    0.8628     0.623    0.6719    0.2786   0.04349   0.04349   0.04349
     19/49     10.1G   0.04599   0.06131         0    0.2146        36       640    0.8567    0.6388    0.6817    0.2906    0.0423    0.0423    0.0423
     20/49     10.1G     0.043   0.05728         0    0.2005        55       640    0.8733     0.639    0.6976    0.2993   0.04329   0.04329   0.04329
     21/49     10.1G   0.04411   0.05492         0    0.1981         8       640    0.8559    0.6228    0.6686    0.2609   0.04519   0.04519   0.04519
     22/49     10.1G   0.04395   0.05796         0    0.2038        24       640    0.8901     0.637    0.6922    0.3151   0.04222   0.04222   0.04222
     23/49     10.1G   0.04026   0.05607         0    0.1926        12       640    0.8938    0.6446    0.6967    0.3104   0.04294   0.04294   0.04294
     24/49     10.1G   0.04057   0.05548         0    0.1921        26       640    0.8877    0.6692    0.7005    0.3238   0.04084   0.04084   0.04084
     25/49     10.1G   0.04009   0.05893         0     0.198        34       640    0.8846    0.6351    0.6797      0.32    0.0417    0.0417    0.0417
     26/49     10.1G   0.03908   0.05687         0    0.1919        21       640    0.8716    0.6569    0.6976    0.3276   0.04091   0.04091   0.04091
     27/49     10.1G    0.0377   0.06001         0    0.1954        29       640    0.8934    0.6592    0.7091    0.3298   0.04063   0.04063   0.04063
     28/49     10.1G   0.04217   0.05769         0    0.1997        16       640    0.8839    0.6754    0.7194    0.3431    0.0396    0.0396    0.0396
     29/49     10.1G   0.04051   0.05682         0    0.1946        32       640    0.9171    0.6467    0.7089     0.342   0.03988   0.03988   0.03988
     30/49     10.1G   0.03901   0.05767         0    0.1934        55       640    0.8352    0.6653    0.6858    0.3302    0.0396    0.0396    0.0396
     31/49     10.1G   0.03853   0.06295         0     0.203        16       640    0.8575    0.6794    0.7138    0.3458   0.03916   0.03916   0.03916
     32/49     10.1G   0.03723   0.05683         0    0.1881        24       640    0.8974    0.6714    0.7092    0.3437   0.03897   0.03897   0.03897
